Accuracy :  66.64999999999999
Error :  33.35000000000001

